Test GraphOptimizor solver on Mono BA problem.

Step 1: Prepare dataset.

Step 2: Construct GraphOptimizor solver.

Step 3: Add camera pose vertices.
Add 3 camera vertices, problem has 3 vertices.

Step 4: Add landmark invdep vertices.
Add 10 landmark vertices, problem has 13 vertices and 20 edges.

Step 5: Start marginalization oldest to create prior.
<Problem> All vertices in this problem with format <id, ordered_id, type, [params]> are:
  vertex <0, 0, 0, [ 0.000336061   0.00744836  0.000332695 -0.000628409  -0.00543194   0.00342471     0.999979]>
  vertex <1, 6, 0, [  -0.034805    0.805384    0.189824 -0.00548085  0.00205156   0.0500567    0.998729]>
  vertex <2, 12, 0, [ -0.163076    1.57381   0.375812 0.00469343 0.00440147  0.0973989   0.995225]>
  vertex <3, 18, 1, [0.221316]>
  vertex <4, 19, 1, [0.129592]>
  vertex <5, 20, 1, [0.196871]>
  vertex <6, 21, 1, [0.141217]>
  vertex <7, 27, 1, [0.170569]>
  vertex <8, 26, 1, [0.176771]>
  vertex <9, 25, 1, [0.168005]>
  vertex <10, 24, 1, [0.1327]>
  vertex <11, 23, 1, [0.137561]>
  vertex <12, 22, 1, [0.244801]>
<Marginalize> this->ConstructIncrementalFunction() H is
    0.698905   0.00176236       0.1658     0.353079      4.77952      0.28172    -0.337396  -0.00117495   -0.0794295    -0.308356     -2.21535    -0.432651    -0.361509 -0.000587413   -0.0863704    -0.477105     -2.28256    -0.688092   -0.0254485    0.0408362     0.120078    0.0480744   -0.0944916    0.0422827    0.0157672  -0.00529138  -0.00227011    0.0469998
  0.00176236     0.696121     0.217135     -4.38108   -0.0678614    -0.618404  -0.00117495    -0.338624   -0.0794317      2.11727     -0.12989     0.309463 -0.000587413    -0.357497    -0.137703      2.29428    -0.411518     0.314904    -0.671119    -0.341411    -0.609686    -0.413621    -0.751157    -0.371143     -0.38642    -0.406242    -0.467974    -0.518169
      0.1658     0.217135     0.370721     -1.46732      1.01401      -0.2014   -0.0794295   -0.0794317    -0.158518     0.603038    -0.524759  -0.00191606   -0.0863704    -0.137703    -0.212203      1.10054    -0.680375   0.00933003    -0.282046   -0.0569779    -0.583774    -0.272769    -0.319271   -0.0921809    -0.213458     0.168166    0.0282516    -0.367678
    0.353079     -4.38108     -1.46732      30.1256      3.80588      2.07492    -0.167248      2.12532     0.538425     -14.6362    -0.542586     -1.29837    -0.185832      2.25576     0.928898     -16.2801       1.1001     -1.29288      3.12297      2.62323      4.65596      3.74778      3.00026      2.72672      3.49046      3.03878       2.6937      3.98565
     4.77952   -0.0678614      1.01401      3.80588      33.9286     0.668123     -2.30523    0.0679318    -0.486236     -2.97135     -15.5349     -2.53875     -2.47429 -7.04265e-05    -0.527771     -4.11671     -16.2477      -3.8872    -0.783247     0.363873      2.41265     0.714855       -1.531     0.380785    -0.149268     0.364065    0.0282133     0.442372
     0.28172    -0.618404      -0.2014      2.07492     0.668123       6.8597    -0.139304     0.290862    0.0606176    -0.994118    -0.371757     -3.44048    -0.142416     0.327542     0.140782     -1.09662    0.0536788     -3.72927      1.49277    -0.431429     -1.64057    -0.501231      2.62906    -0.384278     0.445357     0.995442     0.979435    -0.194994
   -0.337396  -0.00117495   -0.0794295    -0.167248     -2.30523    -0.139304     0.337396   0.00117495    0.0794295     0.308356      2.21535     0.432651            0            0            0            0            0            0    0.0172696  -0.00897964   -0.0339566   -0.0114521    0.0405009  -0.00917135 -0.000501237   0.00863123   0.00790586  -0.00971995
 -0.00117495    -0.338624   -0.0794317      2.12532    0.0679318     0.290862   0.00117495     0.338624    0.0794317     -2.11727      0.12989    -0.309463            0            0            0            0            0            0     0.210179     0.110502     0.199982     0.136731     0.231011     0.120235     0.127201     0.124889     0.146067     0.169561
  -0.0794295   -0.0794317    -0.158518     0.538425    -0.486236    0.0606176    0.0794295    0.0794317     0.158518    -0.603038     0.524759   0.00191606            0            0            0            0            0            0    0.0645647   0.00960333     0.161067    0.0770666    0.0735749    0.0195908    0.0606735   -0.0592404   -0.0201663     0.101201
   -0.308356      2.11727     0.603038     -14.6362     -2.97135    -0.994118     0.308356     -2.11727    -0.603038      14.9075      1.53751      1.40668            0            0            0            0            0            0    -0.949189    -0.842805     -1.60043     -1.24961     -0.88685    -0.878408     -1.13323    -0.890453    -0.806844     -1.30843
    -2.21535     -0.12989    -0.524759    -0.542586     -15.5349    -0.371757      2.21535      0.12989     0.524759      1.53751      14.9972       2.2982            0            0            0            0            0            0     0.321456   0.00379041    -0.525656   -0.0716364     0.512789   0.00150189     0.179211  -0.00276674    0.0850715    0.0182154
   -0.432651     0.309463  -0.00191606     -1.29837     -2.53875     -3.44048     0.432651    -0.309463   0.00191606      1.40668       2.2982      3.81693            0            0            0            0            0            0    -0.455081     0.122398     0.503708     0.154833    -0.779424     0.109164    -0.145724    -0.334738    -0.318197    0.0566477
   -0.361509 -0.000587413   -0.0863704    -0.185832     -2.47429    -0.142416            0            0            0            0            0            0     0.361509  0.000587413    0.0863704     0.477105      2.28256     0.688092   0.00817889   -0.0318565   -0.0861219   -0.0366223    0.0539907   -0.0331114   -0.0152659  -0.00333986  -0.00563575   -0.0372799
-0.000587413    -0.357497    -0.137703      2.25576 -7.04265e-05     0.327542            0            0            0            0            0            0  0.000587413     0.357497     0.137703     -2.29428     0.411518    -0.314904      0.46094     0.230909     0.409705      0.27689     0.520146     0.250908     0.259219     0.281352     0.321907     0.348609
  -0.0863704    -0.137703    -0.212203     0.928898    -0.527771     0.140782            0            0            0            0            0            0    0.0863704     0.137703     0.212203     -1.10054     0.680375  -0.00933003     0.217481    0.0473745     0.422707     0.195702     0.245696    0.0725901     0.152784    -0.108925  -0.00808526     0.266478
   -0.477105      2.29428      1.10054     -16.2801     -4.11671     -1.09662            0            0            0            0            0            0     0.477105     -2.29428     -1.10054      17.5833      0.85192      1.76985     -2.16521     -1.78701     -4.00408      -2.8099     -1.99555      -1.8935     -2.44873     -1.80459     -1.66457     -3.03476
    -2.28256    -0.411518    -0.680375       1.1001     -16.2477    0.0536788            0            0            0            0            0            0      2.28256     0.411518     0.680375      0.85192      15.4286      3.40551     0.925019    0.0529968     -1.03618   -0.0174743      1.42323    0.0577835     0.521969    0.0746369     0.276826     0.204194
   -0.688092     0.314904   0.00933003     -1.29288      -3.8872     -3.72927            0            0            0            0            0            0     0.688092    -0.314904  -0.00933003      1.76985      3.40551      4.74394    -0.990726     0.247133     0.967492     0.261731     -1.70302      0.21253    -0.343103    -0.660317    -0.653973    0.0606307
  -0.0254485    -0.671119    -0.282046      3.12297    -0.783247      1.49277    0.0172696     0.210179    0.0645647    -0.949189     0.321456    -0.455081   0.00817889      0.46094     0.217481     -2.16521     0.925019    -0.990726      4.43555            0            0            0            0            0            0            0            0            0
   0.0408362    -0.341411   -0.0569779      2.62323     0.363873    -0.431429  -0.00897964     0.110502   0.00960333    -0.842805   0.00379041     0.122398   -0.0318565     0.230909    0.0473745     -1.78701    0.0529968     0.247133            0      3.66527            0            0            0            0            0            0            0            0
    0.120078    -0.609686    -0.583774      4.65596      2.41265     -1.64057   -0.0339566     0.199982     0.161067     -1.60043    -0.525656     0.503708   -0.0861219     0.409705     0.422707     -4.00408     -1.03618     0.967492            0            0      5.10905            0            0            0            0            0            0            0
   0.0480744    -0.413621    -0.272769      3.74778     0.714855    -0.501231   -0.0114521     0.136731    0.0770666     -1.24961   -0.0716364     0.154833   -0.0366223      0.27689     0.195702      -2.8099   -0.0174743     0.261731            0            0            0      4.51282            0            0            0            0            0            0
  -0.0944916    -0.751157    -0.319271      3.00026       -1.531      2.62906    0.0405009     0.231011    0.0735749     -0.88685     0.512789    -0.779424    0.0539907     0.520146     0.245696     -1.99555      1.42323     -1.70302            0            0            0            0      4.47309            0            0            0            0            0
   0.0422827    -0.371143   -0.0921809      2.72672     0.380785    -0.384278  -0.00917135     0.120235    0.0195908    -0.878408   0.00150189     0.109164   -0.0331114     0.250908    0.0725901      -1.8935    0.0577835      0.21253            0            0            0            0            0      3.82124            0            0            0            0
   0.0157672     -0.38642    -0.213458      3.49046    -0.149268     0.445357 -0.000501237     0.127201    0.0606735     -1.13323     0.179211    -0.145724   -0.0152659     0.259219     0.152784     -2.44873     0.521969    -0.343103            0            0            0            0            0            0      4.36251            0            0            0
 -0.00529138    -0.406242     0.168166      3.03878     0.364065     0.995442   0.00863123     0.124889   -0.0592404    -0.890453  -0.00276674    -0.334738  -0.00333986     0.281352    -0.108925     -1.80459    0.0746369    -0.660317            0            0            0            0            0            0            0      2.90748            0            0
 -0.00227011    -0.467974    0.0282516       2.6937    0.0282133     0.979435   0.00790586     0.146067   -0.0201663    -0.806844    0.0850715    -0.318197  -0.00563575     0.321907  -0.00808526     -1.66457     0.276826    -0.653973            0            0            0            0            0            0            0            0      3.47659            0
   0.0469998    -0.518169    -0.367678      3.98565     0.442372    -0.194994  -0.00971995     0.169561     0.101201     -1.30843    0.0182154    0.0566477   -0.0372799     0.348609     0.266478     -3.03476     0.204194    0.0606307            0            0            0            0            0            0            0            0            0      4.73129
 b is
  0.0732731
 0.00606864
  0.0112057
   0.031582
   0.529688
 -0.0323775
 -0.0306414
 -0.0251315
  -0.013497
   0.132318
  -0.215733
-0.00648713
 -0.0426318
  0.0190629
 0.00229125
  -0.227688
  -0.267826
 -0.0505515
 -0.0159325
  0.0161053
  0.0741487
  0.0315805
 -0.0321217
  0.0180096
 0.00241542
 0.00633641
-0.00580461
  0.0208753
<Marginalize> this->MarginalizeIoslatedVertices() H is
   0.691971   0.0141896    0.180467    0.180705     4.66693    0.401557   -0.335201 -0.00562887  -0.0837808   -0.247553    -2.19039    -0.46864    -0.35677 -0.00856068   -0.096686   -0.332153    -2.22747   -0.761375
  0.0141896   0.0791892  -0.0199561   -0.463567   0.0707345   0.0187444  0.00257146   -0.142713  -0.0227597    0.878688   -0.035003    0.109719   -0.016761   0.0635238   0.0427158   -0.479639  -0.0309737   -0.141918
   0.180467  -0.0199561    0.194725   0.0933641     1.19444   -0.211451   -0.081717 -0.00285469   -0.111054   0.0876202   -0.522362  0.00418269  -0.0987498   0.0228107  -0.0836713   -0.118139   -0.602365 -0.00845569
   0.180705   -0.463567   0.0933641      3.3224     1.40416   -0.236533   -0.159703    0.873395    0.155724    -6.08207    -0.79987   -0.543012  -0.0210024   -0.409828   -0.249088     2.88706   -0.508295    0.539652
    4.66693   0.0707345     1.19444     1.40416     31.8474      2.6677    -2.26892   0.0167412   -0.540631    -2.11598    -15.0395    -3.13709    -2.39801  -0.0874757   -0.653808    -2.04059     -15.129    -5.11851
   0.401557   0.0187444   -0.211451   -0.236533      2.6677     3.46993   -0.188607   0.0989441   0.0829658   -0.399735   -0.998052    -2.40343    -0.21295   -0.117688    0.128485   0.0180609    -1.56518    -1.55685
  -0.335201  0.00257146   -0.081717   -0.159703    -2.26892   -0.188607      0.3366 0.000160447   0.0802852     0.30376     2.20567      0.4476 -0.00139916 -0.00273191  0.00143176  -0.0135408  -0.0235223   0.0310197
-0.00562887   -0.142713 -0.00285469    0.873395   0.0167412   0.0989441 0.000160447    0.276362    0.061023    -1.72086    0.101426   -0.249212  0.00546843   -0.133649  -0.0581683    0.888589   -0.117036    0.138631
 -0.0837808  -0.0227597   -0.111054    0.155724   -0.540631   0.0829658   0.0802852    0.061023    0.145516   -0.475204    0.526977 -0.00589481  0.00349557  -0.0382632  -0.0344626    0.305493  -0.0128453 -0.00804723
  -0.247553    0.878688   0.0876202    -6.08207    -2.11598   -0.399735     0.30376    -1.72086   -0.475204     12.1692     1.59517     1.21011  -0.0562069    0.842171    0.387583    -6.15188     0.45533   -0.494795
   -2.19039   -0.035003   -0.522362    -0.79987    -15.0395   -0.998052     2.20567    0.101426    0.526977     1.59517     14.8504     2.48789   -0.015273  -0.0664232 -0.00461556    0.082996   -0.366093    0.399627
   -0.46864    0.109719  0.00418269   -0.543012    -3.13709    -2.40343      0.4476   -0.249212 -0.00589481     1.21011     2.48789     3.49904   0.0210401    0.139494  0.00171212   -0.370498    0.491159    -0.66515
   -0.35677   -0.016761  -0.0987498  -0.0210024    -2.39801    -0.21295 -0.00139916  0.00546843  0.00349557  -0.0562069   -0.015273   0.0210401    0.358169   0.0112926   0.0952543    0.345693       2.251    0.730355
-0.00856068   0.0635238   0.0228107   -0.409828  -0.0874757   -0.117688 -0.00273191   -0.133649  -0.0382632    0.842171  -0.0664232    0.139494   0.0112926   0.0701251   0.0154525    -0.40895     0.14801  0.00328728
  -0.096686   0.0427158  -0.0836713   -0.249088   -0.653808    0.128485  0.00143176  -0.0581683  -0.0344626    0.387583 -0.00461556  0.00171212   0.0952543   0.0154525    0.118134   -0.187354     0.61521   0.0165029
  -0.332153   -0.479639   -0.118139     2.88706    -2.04059   0.0180609  -0.0135408    0.888589    0.305493    -6.15188    0.082996   -0.370498    0.345693    -0.40895   -0.187354     3.70081     1.77274    0.796825
   -2.22747  -0.0309737   -0.602365   -0.508295     -15.129    -1.56518  -0.0235223   -0.117036  -0.0128453     0.45533   -0.366093    0.491159       2.251     0.14801     0.61521     1.77274     14.4758     4.45189
  -0.761375   -0.141918 -0.00845569    0.539652    -5.11851    -1.55685   0.0310197    0.138631 -0.00804723   -0.494795    0.399627    -0.66515    0.730355  0.00328728   0.0165029    0.796825     4.45189     3.34665
 b is
  0.0698369
  0.0158604
  0.0203871
 -0.0754756
   0.469853
  0.0229681
 -0.0295953
  -0.028476
 -0.0161328
   0.169349
  -0.202821
 -0.0231362
 -0.0402416
  0.0126155
-0.00425428
  -0.139344
  -0.240518
 -0.0840307
<Marginalize> this->AddPriorInformation() H is
   0.691971   0.0141896    0.180467    0.180705     4.66693    0.401557   -0.335201 -0.00562887  -0.0837808   -0.247553    -2.19039    -0.46864    -0.35677 -0.00856068   -0.096686   -0.332153    -2.22747   -0.761375
  0.0141896   0.0791892  -0.0199561   -0.463567   0.0707345   0.0187444  0.00257146   -0.142713  -0.0227597    0.878688   -0.035003    0.109719   -0.016761   0.0635238   0.0427158   -0.479639  -0.0309737   -0.141918
   0.180467  -0.0199561    0.194725   0.0933641     1.19444   -0.211451   -0.081717 -0.00285469   -0.111054   0.0876202   -0.522362  0.00418269  -0.0987498   0.0228107  -0.0836713   -0.118139   -0.602365 -0.00845569
   0.180705   -0.463567   0.0933641      3.3224     1.40416   -0.236533   -0.159703    0.873395    0.155724    -6.08207    -0.79987   -0.543012  -0.0210024   -0.409828   -0.249088     2.88706   -0.508295    0.539652
    4.66693   0.0707345     1.19444     1.40416     31.8474      2.6677    -2.26892   0.0167412   -0.540631    -2.11598    -15.0395    -3.13709    -2.39801  -0.0874757   -0.653808    -2.04059     -15.129    -5.11851
   0.401557   0.0187444   -0.211451   -0.236533      2.6677     3.46993   -0.188607   0.0989441   0.0829658   -0.399735   -0.998052    -2.40343    -0.21295   -0.117688    0.128485   0.0180609    -1.56518    -1.55685
  -0.335201  0.00257146   -0.081717   -0.159703    -2.26892   -0.188607      0.3366 0.000160447   0.0802852     0.30376     2.20567      0.4476 -0.00139916 -0.00273191  0.00143176  -0.0135408  -0.0235223   0.0310197
-0.00562887   -0.142713 -0.00285469    0.873395   0.0167412   0.0989441 0.000160447    0.276362    0.061023    -1.72086    0.101426   -0.249212  0.00546843   -0.133649  -0.0581683    0.888589   -0.117036    0.138631
 -0.0837808  -0.0227597   -0.111054    0.155724   -0.540631   0.0829658   0.0802852    0.061023    0.145516   -0.475204    0.526977 -0.00589481  0.00349557  -0.0382632  -0.0344626    0.305493  -0.0128453 -0.00804723
  -0.247553    0.878688   0.0876202    -6.08207    -2.11598   -0.399735     0.30376    -1.72086   -0.475204     12.1692     1.59517     1.21011  -0.0562069    0.842171    0.387583    -6.15188     0.45533   -0.494795
   -2.19039   -0.035003   -0.522362    -0.79987    -15.0395   -0.998052     2.20567    0.101426    0.526977     1.59517     14.8504     2.48789   -0.015273  -0.0664232 -0.00461556    0.082996   -0.366093    0.399627
   -0.46864    0.109719  0.00418269   -0.543012    -3.13709    -2.40343      0.4476   -0.249212 -0.00589481     1.21011     2.48789     3.49904   0.0210401    0.139494  0.00171212   -0.370498    0.491159    -0.66515
   -0.35677   -0.016761  -0.0987498  -0.0210024    -2.39801    -0.21295 -0.00139916  0.00546843  0.00349557  -0.0562069   -0.015273   0.0210401    0.358169   0.0112926   0.0952543    0.345693       2.251    0.730355
-0.00856068   0.0635238   0.0228107   -0.409828  -0.0874757   -0.117688 -0.00273191   -0.133649  -0.0382632    0.842171  -0.0664232    0.139494   0.0112926   0.0701251   0.0154525    -0.40895     0.14801  0.00328728
  -0.096686   0.0427158  -0.0836713   -0.249088   -0.653808    0.128485  0.00143176  -0.0581683  -0.0344626    0.387583 -0.00461556  0.00171212   0.0952543   0.0154525    0.118134   -0.187354     0.61521   0.0165029
  -0.332153   -0.479639   -0.118139     2.88706    -2.04059   0.0180609  -0.0135408    0.888589    0.305493    -6.15188    0.082996   -0.370498    0.345693    -0.40895   -0.187354     3.70081     1.77274    0.796825
   -2.22747  -0.0309737   -0.602365   -0.508295     -15.129    -1.56518  -0.0235223   -0.117036  -0.0128453     0.45533   -0.366093    0.491159       2.251     0.14801     0.61521     1.77274     14.4758     4.45189
  -0.761375   -0.141918 -0.00845569    0.539652    -5.11851    -1.55685   0.0310197    0.138631 -0.00804723   -0.494795    0.399627    -0.66515    0.730355  0.00328728   0.0165029    0.796825     4.45189     3.34665
 b is
  0.0698369
  0.0158604
  0.0203871
 -0.0754756
   0.469853
  0.0229681
 -0.0295953
  -0.028476
 -0.0161328
   0.169349
  -0.202821
 -0.0231362
 -0.0402416
  0.0126155
-0.00425428
  -0.139344
  -0.240518
 -0.0840307
<Marginalize> Move block on vertex with ordered_id 0 and size 6
<Marginalize> this->MoveBlockToRightBotton() H is
     0.3366 0.000160447   0.0802852     0.30376     2.20567      0.4476 -0.00139916 -0.00273191  0.00143176  -0.0135408  -0.0235223   0.0310197   -0.335201  0.00257146   -0.081717   -0.159703    -2.26892   -0.188607
0.000160447    0.276362    0.061023    -1.72086    0.101426   -0.249212  0.00546843   -0.133649  -0.0581683    0.888589   -0.117036    0.138631 -0.00562887   -0.142713 -0.00285469    0.873395   0.0167412   0.0989441
  0.0802852    0.061023    0.145516   -0.475204    0.526977 -0.00589481  0.00349557  -0.0382632  -0.0344626    0.305493  -0.0128453 -0.00804723  -0.0837808  -0.0227597   -0.111054    0.155724   -0.540631   0.0829658
    0.30376    -1.72086   -0.475204     12.1692     1.59517     1.21011  -0.0562069    0.842171    0.387583    -6.15188     0.45533   -0.494795   -0.247553    0.878688   0.0876202    -6.08207    -2.11598   -0.399735
    2.20567    0.101426    0.526977     1.59517     14.8504     2.48789   -0.015273  -0.0664232 -0.00461556    0.082996   -0.366093    0.399627    -2.19039   -0.035003   -0.522362    -0.79987    -15.0395   -0.998052
     0.4476   -0.249212 -0.00589481     1.21011     2.48789     3.49904   0.0210401    0.139494  0.00171212   -0.370498    0.491159    -0.66515    -0.46864    0.109719  0.00418269   -0.543012    -3.13709    -2.40343
-0.00139916  0.00546843  0.00349557  -0.0562069   -0.015273   0.0210401    0.358169   0.0112926   0.0952543    0.345693       2.251    0.730355    -0.35677   -0.016761  -0.0987498  -0.0210024    -2.39801    -0.21295
-0.00273191   -0.133649  -0.0382632    0.842171  -0.0664232    0.139494   0.0112926   0.0701251   0.0154525    -0.40895     0.14801  0.00328728 -0.00856068   0.0635238   0.0228107   -0.409828  -0.0874757   -0.117688
 0.00143176  -0.0581683  -0.0344626    0.387583 -0.00461556  0.00171212   0.0952543   0.0154525    0.118134   -0.187354     0.61521   0.0165029   -0.096686   0.0427158  -0.0836713   -0.249088   -0.653808    0.128485
 -0.0135408    0.888589    0.305493    -6.15188    0.082996   -0.370498    0.345693    -0.40895   -0.187354     3.70081     1.77274    0.796825   -0.332153   -0.479639   -0.118139     2.88706    -2.04059   0.0180609
 -0.0235223   -0.117036  -0.0128453     0.45533   -0.366093    0.491159       2.251     0.14801     0.61521     1.77274     14.4758     4.45189    -2.22747  -0.0309737   -0.602365   -0.508295     -15.129    -1.56518
  0.0310197    0.138631 -0.00804723   -0.494795    0.399627    -0.66515    0.730355  0.00328728   0.0165029    0.796825     4.45189     3.34665   -0.761375   -0.141918 -0.00845569    0.539652    -5.11851    -1.55685
  -0.335201 -0.00562887  -0.0837808   -0.247553    -2.19039    -0.46864    -0.35677 -0.00856068   -0.096686   -0.332153    -2.22747   -0.761375    0.691971   0.0141896    0.180467    0.180705     4.66693    0.401557
 0.00257146   -0.142713  -0.0227597    0.878688   -0.035003    0.109719   -0.016761   0.0635238   0.0427158   -0.479639  -0.0309737   -0.141918   0.0141896   0.0791892  -0.0199561   -0.463567   0.0707345   0.0187444
  -0.081717 -0.00285469   -0.111054   0.0876202   -0.522362  0.00418269  -0.0987498   0.0228107  -0.0836713   -0.118139   -0.602365 -0.00845569    0.180467  -0.0199561    0.194725   0.0933641     1.19444   -0.211451
  -0.159703    0.873395    0.155724    -6.08207    -0.79987   -0.543012  -0.0210024   -0.409828   -0.249088     2.88706   -0.508295    0.539652    0.180705   -0.463567   0.0933641      3.3224     1.40416   -0.236533
   -2.26892   0.0167412   -0.540631    -2.11598    -15.0395    -3.13709    -2.39801  -0.0874757   -0.653808    -2.04059     -15.129    -5.11851     4.66693   0.0707345     1.19444     1.40416     31.8474      2.6677
  -0.188607   0.0989441   0.0829658   -0.399735   -0.998052    -2.40343    -0.21295   -0.117688    0.128485   0.0180609    -1.56518    -1.55685    0.401557   0.0187444   -0.211451   -0.236533      2.6677     3.46993
 b is
 -0.0295953
  -0.028476
 -0.0161328
   0.169349
  -0.202821
 -0.0231362
 -0.0402416
  0.0126155
-0.00425428
  -0.139344
  -0.240518
 -0.0840307
  0.0698369
  0.0158604
  0.0203871
 -0.0754756
   0.469853
  0.0229681
<Marginalize> Hmm inv is
   137.64  -23.7696  -11.4997  -2.38764  -19.4363   -1.7208
 -23.7696   124.348   22.4317   17.7347   1.27605   3.67384
 -11.4997   22.4317    12.769   3.12755  0.891603   1.51547
 -2.38764   17.7347   3.12755   2.84731 0.0217135  0.548492
 -19.4363   1.27605  0.891603 0.0217135   2.83225  0.120735
  -1.7208   3.67384   1.51547  0.548492  0.120735  0.504401
<Marginalize> Hmm inv * Hmm is
           1   9.6069e-14 -6.77236e-15 -1.65423e-14  1.03917e-13 -1.06581e-14
 1.55209e-13            1  4.16334e-14  1.42109e-14 -1.27898e-13   2.4869e-14
 2.59792e-14  7.65776e-14            1  6.10623e-16 -4.52971e-14  3.55271e-15
 2.25098e-14  6.79908e-14  5.70377e-15            1 -1.75415e-14  4.88498e-15
 1.34615e-15 -2.21928e-14 -2.04697e-16  2.61596e-15            1 -2.22045e-16
 4.38538e-15  1.27329e-14  1.36002e-15   -1.249e-16 -4.66294e-15            1
<Marginalize> prior H is
    0.172236    0.0170685    0.0482667    0.0403669        1.134     0.214126    -0.172236   -0.0170685   -0.0482667    -0.105595     -1.09965    -0.325921
   0.0170685   0.00443944  -0.00657014    0.0065444     0.115947    0.0288612   -0.0170685  -0.00443944   0.00657014   -0.0226581    -0.112084   -0.0403065
   0.0482667  -0.00657014    0.0604334  0.000801322     0.303048    0.0284355   -0.0482667   0.00657014   -0.0604334    0.0207874    -0.295321   -0.0582504
   0.0403669    0.0065444  0.000801322     0.361546     0.355378    -0.323446   -0.0403669   -0.0065444 -0.000801322    -0.393216     -0.30554     0.297119
       1.134     0.115947     0.303048     0.355378       7.6682      1.22626       -1.134    -0.115947    -0.303048    -0.816128     -7.42837     -1.95921
    0.214126    0.0288612    0.0284355    -0.323446      1.22626      1.54828    -0.214126   -0.0288612   -0.0284355     0.234939     -1.24508     -1.69034
   -0.172236   -0.0170685   -0.0482667   -0.0403669       -1.134    -0.214126     0.172236    0.0170685    0.0482667     0.105595      1.09965     0.325921
  -0.0170685  -0.00443944   0.00657014   -0.0065444    -0.115947   -0.0288612    0.0170685   0.00443944  -0.00657014    0.0226581     0.112084    0.0403065
  -0.0482667   0.00657014   -0.0604334 -0.000801322    -0.303048   -0.0284355    0.0482667  -0.00657014    0.0604334   -0.0207874     0.295321    0.0582504
   -0.105595   -0.0226581    0.0207874    -0.393216    -0.816128     0.234939     0.105595    0.0226581   -0.0207874     0.485263     0.750475    -0.165329
    -1.09965    -0.112084    -0.295321     -0.30554     -7.42837     -1.24508      1.09965     0.112084     0.295321     0.750475      7.20073      1.95576
   -0.325921   -0.0403065   -0.0582504     0.297119     -1.95921     -1.69034     0.325921    0.0403065    0.0582504    -0.165329      1.95576      1.90509
<Marginalize> prior b is
   0.0021079
 0.000314863
 0.000152881
   0.0097287
   0.0170232
 -0.00827403
  -0.0021079
-0.000314863
-0.000152881
  -0.0111679
  -0.0154756
  0.00691218
saes2.eigenvalues() is -1.87414e-14 -3.53172e-15 -4.37084e-16 -3.69016e-16  8.04494e-16  4.75955e-15   3.7559e-13   0.00799009     0.100478     0.493257      2.87196      16.1696
S is          0          0          0          0          0          0          0 0.00799009   0.100478   0.493257    2.87196    16.1696
S_inv is         0         0         0         0         0         0         0   125.155   9.95243   2.02734  0.348194 0.0618443
S_sqrt is         0         0         0         0         0         0         0 0.0893873  0.316983  0.702323   1.69469   4.02115
S_inv_sqrt is        0        0        0        0        0        0        0  11.1873  3.15475  1.42385  0.59008 0.248685
prior H is
    0.172236    0.0170685    0.0482667    0.0403669        1.134     0.214126    -0.172236   -0.0170685   -0.0482667    -0.105595     -1.09965    -0.325921
   0.0170685   0.00443944  -0.00657014    0.0065444     0.115947    0.0288612   -0.0170685  -0.00443944   0.00657014   -0.0226581    -0.112084   -0.0403065
   0.0482667  -0.00657014    0.0604334  0.000801322     0.303048    0.0284355   -0.0482667   0.00657014   -0.0604334    0.0207874    -0.295321   -0.0582504
   0.0403669    0.0065444  0.000801322     0.361546     0.355378    -0.323446   -0.0403669   -0.0065444 -0.000801322    -0.393216     -0.30554     0.297119
       1.134     0.115947     0.303048     0.355378       7.6682      1.22626       -1.134    -0.115947    -0.303048    -0.816128     -7.42837     -1.95921
    0.214126    0.0288612    0.0284355    -0.323446      1.22626      1.54828    -0.214126   -0.0288612   -0.0284355     0.234939     -1.24508     -1.69034
   -0.172236   -0.0170685   -0.0482667   -0.0403669       -1.134    -0.214126     0.172236    0.0170685    0.0482667     0.105595      1.09965     0.325921
  -0.0170685  -0.00443944   0.00657014   -0.0065444    -0.115947   -0.0288612    0.0170685   0.00443944  -0.00657014    0.0226581     0.112084    0.0403065
  -0.0482667   0.00657014   -0.0604334 -0.000801322    -0.303048   -0.0284355    0.0482667  -0.00657014    0.0604334   -0.0207874     0.295321    0.0582504
   -0.105595   -0.0226581    0.0207874    -0.393216    -0.816128     0.234939     0.105595    0.0226581   -0.0207874     0.485263     0.750475    -0.165329
    -1.09965    -0.112084    -0.295321     -0.30554     -7.42837     -1.24508      1.09965     0.112084     0.295321     0.750475      7.20073      1.95576
   -0.325921   -0.0403065   -0.0582504     0.297119     -1.95921     -1.69034     0.325921    0.0403065    0.0582504    -0.165329      1.95576      1.90509
prior b is
   0.0021079
 0.000314863
 0.000152881
   0.0097287
   0.0170232
 -0.00827403
  -0.0021079
-0.000314863
-0.000152881
  -0.0111679
  -0.0154756
  0.00691218
prior JTinv is
           0            0            0            0           -0            0            0           -0           -0            0           -0            0
           0           -0           -0            0           -0            0            0            0            0            0           -0            0
           0            0           -0           -0           -0            0            0            0           -0           -0            0            0
           0           -0            0           -0            0           -0            0           -0           -0           -0            0           -0
          -0            0           -0           -0            0           -0            0            0           -0           -0            0           -0
          -0           -0           -0            0            0           -0           -0           -0            0            0            0           -0
          -0           -0           -0            0           -0           -0           -0            0           -0           -0           -0           -0
      7.1358      1.26955    -0.323855    -0.129584    -0.510504     -3.03375      -7.1358     -1.26955     0.323855   -0.0113915      1.85545     -2.63793
   -0.148114     0.449731     -1.96025     -1.25834     0.100119    -0.138309     0.148114    -0.449731      1.96025      -0.3714    -0.181097     0.188603
   0.0254547   -0.0443791     0.200911    -0.845222    0.0944425    -0.315602   -0.0254547    0.0443791    -0.200911     0.997318    -0.169441      0.30838
 -0.00404339  0.000786168  -0.00603674    -0.140435   -0.0981732     0.382886   0.00404339 -0.000786168   0.00603674     0.144947    0.0760215     -0.38123
   0.0253841   0.00263132   0.00663528   0.00589063     0.170341    0.0346588   -0.0253841  -0.00263132  -0.00663528   -0.0161956    -0.165317   -0.0510876
prior r is
         0
         0
         0
         0
         0
         0
         0
0.00088709
0.00207992
 0.0102472
 0.0116542
-0.0051671

Step 6: Create new problem to marg subnew.

Step 7: Add camera pose vertices.
Add 3 camera vertices, problem2 has 3 vertices.

Step 8: Add prior information.

Step 9: Start marginalization.
<Problem> All vertices in this problem with format <id, ordered_id, type, [params]> are:
  vertex <13, 0, 0, [ -0.0304632     0.79816    0.168367 -0.00178123  0.00179299   0.0453222    0.998969]>
  vertex <14, 6, 0, [  -0.166861     1.57223    0.379832 -0.00197838  0.00319439    0.104037    0.994566]>
  vertex <15, 12, 0, [   -0.34458     2.33901    0.554259 0.000574577 -0.00229541    0.147087    0.989121]>
<Marginalize> this->ConstructIncrementalFunction() H is
0 0 0 0 0 0 0 0 0 0 0 0 0 0 0 0 0 0
0 0 0 0 0 0 0 0 0 0 0 0 0 0 0 0 0 0
0 0 0 0 0 0 0 0 0 0 0 0 0 0 0 0 0 0
0 0 0 0 0 0 0 0 0 0 0 0 0 0 0 0 0 0
0 0 0 0 0 0 0 0 0 0 0 0 0 0 0 0 0 0
0 0 0 0 0 0 0 0 0 0 0 0 0 0 0 0 0 0
0 0 0 0 0 0 0 0 0 0 0 0 0 0 0 0 0 0
0 0 0 0 0 0 0 0 0 0 0 0 0 0 0 0 0 0
0 0 0 0 0 0 0 0 0 0 0 0 0 0 0 0 0 0
0 0 0 0 0 0 0 0 0 0 0 0 0 0 0 0 0 0
0 0 0 0 0 0 0 0 0 0 0 0 0 0 0 0 0 0
0 0 0 0 0 0 0 0 0 0 0 0 0 0 0 0 0 0
0 0 0 0 0 0 0 0 0 0 0 0 0 0 0 0 0 0
0 0 0 0 0 0 0 0 0 0 0 0 0 0 0 0 0 0
0 0 0 0 0 0 0 0 0 0 0 0 0 0 0 0 0 0
0 0 0 0 0 0 0 0 0 0 0 0 0 0 0 0 0 0
0 0 0 0 0 0 0 0 0 0 0 0 0 0 0 0 0 0
0 0 0 0 0 0 0 0 0 0 0 0 0 0 0 0 0 0
 b is
0
0
0
0
0
0
0
0
0
0
0
0
0
0
0
0
0
0
<Marginalize> this->AddPriorInformation() H is
    0.172236    0.0170685    0.0482667    0.0403669        1.134     0.214126    -0.172236   -0.0170685   -0.0482667    -0.105595     -1.09965    -0.325921            0            0            0            0            0            0
   0.0170685   0.00443944  -0.00657014    0.0065444     0.115947    0.0288612   -0.0170685  -0.00443944   0.00657014   -0.0226581    -0.112084   -0.0403065            0            0            0            0            0            0
   0.0482667  -0.00657014    0.0604334  0.000801322     0.303048    0.0284355   -0.0482667   0.00657014   -0.0604334    0.0207874    -0.295321   -0.0582504            0            0            0            0            0            0
   0.0403669    0.0065444  0.000801322     0.361546     0.355378    -0.323446   -0.0403669   -0.0065444 -0.000801322    -0.393216     -0.30554     0.297119            0            0            0            0            0            0
       1.134     0.115947     0.303048     0.355378       7.6682      1.22626       -1.134    -0.115947    -0.303048    -0.816128     -7.42837     -1.95921            0            0            0            0            0            0
    0.214126    0.0288612    0.0284355    -0.323446      1.22626      1.54828    -0.214126   -0.0288612   -0.0284355     0.234939     -1.24508     -1.69034            0            0            0            0            0            0
   -0.172236   -0.0170685   -0.0482667   -0.0403669       -1.134    -0.214126     0.172236    0.0170685    0.0482667     0.105595      1.09965     0.325921            0            0            0            0            0            0
  -0.0170685  -0.00443944   0.00657014   -0.0065444    -0.115947   -0.0288612    0.0170685   0.00443944  -0.00657014    0.0226581     0.112084    0.0403065            0            0            0            0            0            0
  -0.0482667   0.00657014   -0.0604334 -0.000801322    -0.303048   -0.0284355    0.0482667  -0.00657014    0.0604334   -0.0207874     0.295321    0.0582504            0            0            0            0            0            0
   -0.105595   -0.0226581    0.0207874    -0.393216    -0.816128     0.234939     0.105595    0.0226581   -0.0207874     0.485263     0.750475    -0.165329            0            0            0            0            0            0
    -1.09965    -0.112084    -0.295321     -0.30554     -7.42837     -1.24508      1.09965     0.112084     0.295321     0.750475      7.20073      1.95576            0            0            0            0            0            0
   -0.325921   -0.0403065   -0.0582504     0.297119     -1.95921     -1.69034     0.325921    0.0403065    0.0582504    -0.165329      1.95576      1.90509            0            0            0            0            0            0
           0            0            0            0            0            0            0            0            0            0            0            0            0            0            0            0            0            0
           0            0            0            0            0            0            0            0            0            0            0            0            0            0            0            0            0            0
           0            0            0            0            0            0            0            0            0            0            0            0            0            0            0            0            0            0
           0            0            0            0            0            0            0            0            0            0            0            0            0            0            0            0            0            0
           0            0            0            0            0            0            0            0            0            0            0            0            0            0            0            0            0            0
           0            0            0            0            0            0            0            0            0            0            0            0            0            0            0            0            0            0
 b is
   0.0021079
 0.000314863
 0.000152881
   0.0097287
   0.0170232
 -0.00827403
  -0.0021079
-0.000314863
-0.000152881
  -0.0111679
  -0.0154756
  0.00691218
           0
           0
           0
           0
           0
           0
<Marginalize> Move block on vertex with ordered_id 6 and size 6
<Marginalize> this->MoveBlockToRightBotton() H is
    0.172236    0.0170685    0.0482667    0.0403669        1.134     0.214126            0            0            0            0            0            0    -0.172236   -0.0170685   -0.0482667    -0.105595     -1.09965    -0.325921
   0.0170685   0.00443944  -0.00657014    0.0065444     0.115947    0.0288612            0            0            0            0            0            0   -0.0170685  -0.00443944   0.00657014   -0.0226581    -0.112084   -0.0403065
   0.0482667  -0.00657014    0.0604334  0.000801322     0.303048    0.0284355            0            0            0            0            0            0   -0.0482667   0.00657014   -0.0604334    0.0207874    -0.295321   -0.0582504
   0.0403669    0.0065444  0.000801322     0.361546     0.355378    -0.323446            0            0            0            0            0            0   -0.0403669   -0.0065444 -0.000801322    -0.393216     -0.30554     0.297119
       1.134     0.115947     0.303048     0.355378       7.6682      1.22626            0            0            0            0            0            0       -1.134    -0.115947    -0.303048    -0.816128     -7.42837     -1.95921
    0.214126    0.0288612    0.0284355    -0.323446      1.22626      1.54828            0            0            0            0            0            0    -0.214126   -0.0288612   -0.0284355     0.234939     -1.24508     -1.69034
           0            0            0            0            0            0            0            0            0            0            0            0            0            0            0            0            0            0
           0            0            0            0            0            0            0            0            0            0            0            0            0            0            0            0            0            0
